
SUMMARISING RUN PARAMETERS
==========================
Input filename: NCPPB929-illumina.2.fq.gz
Trimming mode: paired-end
Trim Galore version: 0.6.7
Cutadapt version: 3.5
Number of cores used for trimming: 1
Quality Phred score cutoff: 30
Quality encoding type selected: ASCII+33
Using Illumina adapter for trimming (count: 238730). Second best hit was smallRNA (count: 1)
Adapter sequence: 'AGATCGGAAGAGC' (Illumina TruSeq, Sanger iPCR; auto-detected)
Maximum trimming error rate: 0.1 (default)
Minimum required adapter overlap (stringency): 1 bp
Minimum required sequence length for both reads before a sequence pair gets removed: 20 bp
Output file will be GZIP compressed


This is cutadapt 3.5 with Python 3.10.12
Command line parameters: -j 1 -e 0.1 -q 30 -O 1 -a AGATCGGAAGAGC NCPPB929-illumina.2.fq.gz
Processing reads on 1 core in single-end mode ...
Finished in 122.01 s (54 µs/read; 1.11 M reads/minute).

=== Summary ===

Total reads processed:               2,257,609
Reads with adapters:                 1,127,911 (50.0%)
Reads written (passing filters):     2,257,609 (100.0%)

Total basepairs processed:   564,402,250 bp
Quality-trimmed:               9,198,633 bp (1.6%)
Total written (filtered):    520,602,602 bp (92.2%)

=== Adapter 1 ===

Sequence: AGATCGGAAGAGC; Type: regular 3'; Length: 13; Trimmed: 1127911 times

Minimum overlap: 1
No. of allowed errors:
1-9 bp: 0; 10-13 bp: 1

Bases preceding removed adapters:
  A: 21.9%
  C: 33.9%
  G: 25.1%
  T: 19.1%
  none/other: 0.0%

Overview of removed sequences
length	count	expect	max.err	error counts
1	370272	564402.2	0	370272
2	93527	141100.6	0	93527
3	28507	35275.1	0	28507
4	15225	8818.8	0	15225
5	13032	2204.7	0	13032
6	8480	551.2	0	8480
7	9032	137.8	0	9032
8	10957	34.4	0	10957
9	6492	8.6	0	6441 51
10	9390	2.2	1	8889 501
11	7939	0.5	1	7471 468
12	9159	0.1	1	8661 498
13	8754	0.0	1	8263 491
14	9478	0.0	1	8808 670
15	8202	0.0	1	7570 632
16	8863	0.0	1	7962 901
17	9346	0.0	1	8457 889
18	6360	0.0	1	5726 634
19	8722	0.0	1	7996 726
20	9547	0.0	1	8921 626
21	8334	0.0	1	7816 518
22	7638	0.0	1	7273 365
23	7498	0.0	1	7076 422
24	10255	0.0	1	9513 742
25	9565	0.0	1	8975 590
26	5935	0.0	1	5520 415
27	6758	0.0	1	6284 474
28	7420	0.0	1	7158 262
29	6795	0.0	1	6445 350
30	7148	0.0	1	6875 273
31	7132	0.0	1	6854 278
32	6736	0.0	1	6459 277
33	7530	0.0	1	7206 324
34	11267	0.0	1	10546 721
35	6585	0.0	1	6299 286
36	5809	0.0	1	5502 307
37	7430	0.0	1	7047 383
38	7869	0.0	1	7437 432
39	6606	0.0	1	6234 372
40	7299	0.0	1	6872 427
41	7130	0.0	1	6813 317
42	6967	0.0	1	6677 290
43	7318	0.0	1	6962 356
44	10896	0.0	1	10417 479
45	26979	0.0	1	26208 771
46	17168	0.0	1	16473 695
47	26377	0.0	1	25688 689
48	2096	0.0	1	1948 148
49	5771	0.0	1	5542 229
50	819	0.0	1	736 83
51	3582	0.0	1	3281 301
52	1367	0.0	1	1208 159
53	4765	0.0	1	4458 307
54	6984	0.0	1	6616 368
55	1173	0.0	1	1025 148
56	5537	0.0	1	5029 508
57	10106	0.0	1	9561 545
58	2508	0.0	1	2375 133
59	355	0.0	1	291 64
60	4866	0.0	1	4608 258
61	349	0.0	1	303 46
62	338	0.0	1	287 51
63	4699	0.0	1	4497 202
64	485	0.0	1	445 40
65	192	0.0	1	164 28
66	607	0.0	1	545 62
67	281	0.0	1	250 31
68	315	0.0	1	285 30
69	626	0.0	1	582 44
70	915	0.0	1	872 43
71	344	0.0	1	326 18
72	279	0.0	1	257 22
73	401	0.0	1	370 31
74	316	0.0	1	299 17
75	570	0.0	1	538 32
76	862	0.0	1	823 39
77	1570	0.0	1	1504 66
78	2194	0.0	1	2106 88
79	2669	0.0	1	2540 129
80	2804	0.0	1	2723 81
81	2947	0.0	1	2865 82
82	2846	0.0	1	2760 86
83	2999	0.0	1	2878 121
84	2981	0.0	1	2888 93
85	3005	0.0	1	2910 95
86	2828	0.0	1	2709 119
87	2953	0.0	1	2844 109
88	2739	0.0	1	2650 89
89	2699	0.0	1	2592 107
90	2572	0.0	1	2491 81
91	2607	0.0	1	2526 81
92	2510	0.0	1	2444 66
93	2571	0.0	1	2507 64
94	2505	0.0	1	2431 74
95	2446	0.0	1	2366 80
96	2255	0.0	1	2166 89
97	2387	0.0	1	2324 63
98	2189	0.0	1	2126 63
99	2173	0.0	1	2104 69
100	2097	0.0	1	2041 56
101	2165	0.0	1	2100 65
102	2102	0.0	1	2052 50
103	2121	0.0	1	2049 72
104	2076	0.0	1	1988 88
105	1999	0.0	1	1938 61
106	1909	0.0	1	1863 46
107	1873	0.0	1	1816 57
108	1880	0.0	1	1833 47
109	1747	0.0	1	1704 43
110	1750	0.0	1	1694 56
111	1803	0.0	1	1759 44
112	1672	0.0	1	1632 40
113	1587	0.0	1	1545 42
114	1705	0.0	1	1648 57
115	1539	0.0	1	1475 64
116	1580	0.0	1	1544 36
117	1502	0.0	1	1454 48
118	1504	0.0	1	1458 46
119	1430	0.0	1	1389 41
120	1485	0.0	1	1444 41
121	1432	0.0	1	1390 42
122	1448	0.0	1	1406 42
123	1415	0.0	1	1375 40
124	1368	0.0	1	1338 30
125	1260	0.0	1	1222 38
126	1240	0.0	1	1212 28
127	1276	0.0	1	1235 41
128	1176	0.0	1	1145 31
129	1199	0.0	1	1161 38
130	1173	0.0	1	1149 24
131	1152	0.0	1	1114 38
132	1111	0.0	1	1083 28
133	1115	0.0	1	1091 24
134	1106	0.0	1	1069 37
135	1009	0.0	1	981 28
136	1020	0.0	1	990 30
137	951	0.0	1	917 34
138	965	0.0	1	934 31
139	963	0.0	1	931 32
140	943	0.0	1	921 22
141	981	0.0	1	954 27
142	873	0.0	1	849 24
143	899	0.0	1	877 22
144	908	0.0	1	878 30
145	813	0.0	1	798 15
146	813	0.0	1	789 24
147	765	0.0	1	743 22
148	812	0.0	1	787 25
149	769	0.0	1	740 29
150	772	0.0	1	752 20
151	728	0.0	1	712 16
152	691	0.0	1	661 30
153	671	0.0	1	642 29
154	686	0.0	1	662 24
155	677	0.0	1	658 19
156	680	0.0	1	659 21
157	573	0.0	1	558 15
158	627	0.0	1	614 13
159	636	0.0	1	607 29
160	655	0.0	1	635 20
161	547	0.0	1	537 10
162	623	0.0	1	601 22
163	588	0.0	1	562 26
164	546	0.0	1	537 9
165	522	0.0	1	511 11
166	540	0.0	1	528 12
167	508	0.0	1	491 17
168	473	0.0	1	458 15
169	507	0.0	1	490 17
170	507	0.0	1	493 14
171	477	0.0	1	464 13
172	482	0.0	1	464 18
173	448	0.0	1	441 7
174	461	0.0	1	457 4
175	444	0.0	1	436 8
176	471	0.0	1	464 7
177	471	0.0	1	449 22
178	410	0.0	1	396 14
179	449	0.0	1	436 13
180	413	0.0	1	399 14
181	421	0.0	1	410 11
182	403	0.0	1	388 15
183	402	0.0	1	390 12
184	381	0.0	1	372 9
185	401	0.0	1	391 10
186	416	0.0	1	403 13
187	413	0.0	1	406 7
188	389	0.0	1	381 8
189	380	0.0	1	370 10
190	343	0.0	1	331 12
191	345	0.0	1	335 10
192	367	0.0	1	354 13
193	330	0.0	1	319 11
194	320	0.0	1	311 9
195	341	0.0	1	331 10
196	338	0.0	1	331 7
197	293	0.0	1	279 14
198	360	0.0	1	353 7
199	325	0.0	1	318 7
200	292	0.0	1	278 14
201	326	0.0	1	317 9
202	333	0.0	1	324 9
203	321	0.0	1	308 13
204	294	0.0	1	287 7
205	308	0.0	1	303 5
206	262	0.0	1	256 6
207	293	0.0	1	285 8
208	311	0.0	1	305 6
209	282	0.0	1	272 10
210	273	0.0	1	264 9
211	308	0.0	1	292 16
212	256	0.0	1	253 3
213	260	0.0	1	256 4
214	283	0.0	1	275 8
215	288	0.0	1	278 10
216	247	0.0	1	239 8
217	285	0.0	1	279 6
218	273	0.0	1	269 4
219	245	0.0	1	238 7
220	224	0.0	1	216 8
221	184	0.0	1	175 9
222	146	0.0	1	143 3
223	154	0.0	1	150 4
224	104	0.0	1	98 6
225	89	0.0	1	87 2
226	70	0.0	1	64 6
227	73	0.0	1	67 6
228	53	0.0	1	51 2
229	55	0.0	1	50 5
230	44	0.0	1	44
231	50	0.0	1	48 2
232	66	0.0	1	63 3
233	63	0.0	1	62 1
234	51	0.0	1	51
235	46	0.0	1	44 2
236	47	0.0	1	44 3
237	62	0.0	1	61 1
238	70	0.0	1	69 1
239	103	0.0	1	99 4
240	129	0.0	1	125 4
241	205	0.0	1	200 5
242	214	0.0	1	211 3
243	176	0.0	1	169 7
244	58	0.0	1	55 3
245	43	0.0	1	40 3
246	21	0.0	1	15 6
247	31	0.0	1	31
248	29	0.0	1	27 2
249	30	0.0	1	30
250	64	0.0	1	61 3

RUN STATISTICS FOR INPUT FILE: NCPPB929-illumina.2.fq.gz
=============================================
2257609 sequences processed in total

Total number of sequences analysed for the sequence pair length validation: 2257609

Number of sequence pairs removed because at least one read was shorter than the length cutoff (20 bp): 15421 (0.68%)
