
SUMMARISING RUN PARAMETERS
==========================
Input filename: NCPPB929-illumina.1.fq.gz
Trimming mode: paired-end
Trim Galore version: 0.6.7
Cutadapt version: 3.5
Number of cores used for trimming: 1
Quality Phred score cutoff: 30
Quality encoding type selected: ASCII+33
Using Illumina adapter for trimming (count: 238730). Second best hit was smallRNA (count: 1)
Adapter sequence: 'AGATCGGAAGAGC' (Illumina TruSeq, Sanger iPCR; auto-detected)
Maximum trimming error rate: 0.1 (default)
Minimum required adapter overlap (stringency): 1 bp
Minimum required sequence length for both reads before a sequence pair gets removed: 20 bp
Output file will be GZIP compressed


This is cutadapt 3.5 with Python 3.10.12
Command line parameters: -j 1 -e 0.1 -q 30 -O 1 -a AGATCGGAAGAGC NCPPB929-illumina.1.fq.gz
Processing reads on 1 core in single-end mode ...
Finished in 120.58 s (53 µs/read; 1.12 M reads/minute).

=== Summary ===

Total reads processed:               2,257,609
Reads with adapters:                 1,142,388 (50.6%)
Reads written (passing filters):     2,257,609 (100.0%)

Total basepairs processed:   564,402,250 bp
Quality-trimmed:               6,513,748 bp (1.2%)
Total written (filtered):    522,386,240 bp (92.6%)

=== Adapter 1 ===

Sequence: AGATCGGAAGAGC; Type: regular 3'; Length: 13; Trimmed: 1142388 times

Minimum overlap: 1
No. of allowed errors:
1-9 bp: 0; 10-13 bp: 1

Bases preceding removed adapters:
  A: 21.5%
  C: 34.0%
  G: 25.6%
  T: 18.8%
  none/other: 0.0%

Overview of removed sequences
length	count	expect	max.err	error counts
1	380015	564402.2	0	380015
2	87488	141100.6	0	87488
3	32074	35275.1	0	32074
4	15684	8818.8	0	15684
5	12975	2204.7	0	12975
6	8271	551.2	0	8271
7	8489	137.8	0	8489
8	11081	34.4	0	11081
9	8065	8.6	0	8010 55
10	8086	2.2	1	7821 265
11	9125	0.5	1	8757 368
12	8757	0.1	1	8456 301
13	8692	0.0	1	8421 271
14	8561	0.0	1	8221 340
15	8629	0.0	1	8266 363
16	8768	0.0	1	8303 465
17	11072	0.0	1	10552 520
18	7482	0.0	1	7177 305
19	7114	0.0	1	6855 259
20	8625	0.0	1	8269 356
21	8802	0.0	1	8405 397
22	7819	0.0	1	7518 301
23	8344	0.0	1	8000 344
24	8021	0.0	1	7654 367
25	7761	0.0	1	7476 285
26	7460	0.0	1	7160 300
27	9244	0.0	1	8905 339
28	7142	0.0	1	6900 242
29	7582	0.0	1	7247 335
30	7175	0.0	1	6971 204
31	6382	0.0	1	6170 212
32	7159	0.0	1	6910 249
33	7489	0.0	1	7179 310
34	8965	0.0	1	8584 381
35	7331	0.0	1	7038 293
36	6474	0.0	1	6249 225
37	8873	0.0	1	8503 370
38	8081	0.0	1	7819 262
39	5684	0.0	1	5491 193
40	7686	0.0	1	7395 291
41	7215	0.0	1	6972 243
42	8373	0.0	1	8103 270
43	11873	0.0	1	11441 432
44	11613	0.0	1	11154 459
45	26628	0.0	1	26185 443
46	3919	0.0	1	3765 154
47	3712	0.0	1	3543 169
48	9754	0.0	1	9494 260
49	8936	0.0	1	8737 199
50	3108	0.0	1	2929 179
51	12697	0.0	1	12444 253
52	4621	0.0	1	4536 85
53	1041	0.0	1	993 48
54	3161	0.0	1	3044 117
55	5698	0.0	1	5573 125
56	4780	0.0	1	4672 108
57	2385	0.0	1	2314 71
58	3475	0.0	1	3403 72
59	4623	0.0	1	4519 104
60	387	0.0	1	358 29
61	2466	0.0	1	2379 87
62	3609	0.0	1	3537 72
63	739	0.0	1	700 39
64	1701	0.0	1	1649 52
65	2747	0.0	1	2671 76
66	2801	0.0	1	2750 51
67	718	0.0	1	676 42
68	1584	0.0	1	1530 54
69	1305	0.0	1	1250 55
70	1083	0.0	1	1044 39
71	59	0.0	1	49 10
72	76	0.0	1	65 11
73	564	0.0	1	535 29
74	1249	0.0	1	1219 30
75	2041	0.0	1	1994 47
76	2492	0.0	1	2430 62
77	2775	0.0	1	2693 82
78	2881	0.0	1	2801 80
79	2980	0.0	1	2906 74
80	3036	0.0	1	2948 88
81	3064	0.0	1	2969 95
82	2945	0.0	1	2872 73
83	3060	0.0	1	2985 75
84	3069	0.0	1	2982 87
85	2888	0.0	1	2817 71
86	2868	0.0	1	2785 83
87	2993	0.0	1	2907 86
88	2777	0.0	1	2678 99
89	2797	0.0	1	2690 107
90	2654	0.0	1	2566 88
91	2625	0.0	1	2542 83
92	2591	0.0	1	2507 84
93	2625	0.0	1	2545 80
94	2579	0.0	1	2516 63
95	2486	0.0	1	2424 62
96	2327	0.0	1	2272 55
97	2441	0.0	1	2368 73
98	2246	0.0	1	2179 67
99	2232	0.0	1	2163 69
100	2118	0.0	1	2044 74
101	2216	0.0	1	2149 67
102	2169	0.0	1	2099 70
103	2168	0.0	1	2114 54
104	2139	0.0	1	2078 61
105	2046	0.0	1	1998 48
106	1954	0.0	1	1905 49
107	1923	0.0	1	1882 41
108	1942	0.0	1	1895 47
109	1785	0.0	1	1733 52
110	1791	0.0	1	1744 47
111	1862	0.0	1	1812 50
112	1725	0.0	1	1678 47
113	1625	0.0	1	1585 40
114	1720	0.0	1	1682 38
115	1574	0.0	1	1544 30
116	1605	0.0	1	1564 41
117	1543	0.0	1	1485 58
118	1545	0.0	1	1512 33
119	1471	0.0	1	1433 38
120	1530	0.0	1	1496 34
121	1471	0.0	1	1437 34
122	1486	0.0	1	1455 31
123	1451	0.0	1	1414 37
124	1406	0.0	1	1369 37
125	1277	0.0	1	1239 38
126	1271	0.0	1	1224 47
127	1294	0.0	1	1251 43
128	1192	0.0	1	1164 28
129	1239	0.0	1	1206 33
130	1216	0.0	1	1189 27
131	1174	0.0	1	1145 29
132	1144	0.0	1	1118 26
133	1138	0.0	1	1113 25
134	1136	0.0	1	1104 32
135	1035	0.0	1	1011 24
136	1040	0.0	1	1004 36
137	978	0.0	1	959 19
138	979	0.0	1	956 23
139	979	0.0	1	949 30
140	961	0.0	1	941 20
141	1009	0.0	1	989 20
142	901	0.0	1	878 23
143	906	0.0	1	889 17
144	938	0.0	1	915 23
145	825	0.0	1	808 17
146	833	0.0	1	806 27
147	807	0.0	1	775 32
148	837	0.0	1	816 21
149	780	0.0	1	762 18
150	772	0.0	1	761 11
151	753	0.0	1	730 23
152	731	0.0	1	701 30
153	683	0.0	1	665 18
154	700	0.0	1	685 15
155	697	0.0	1	682 15
156	684	0.0	1	668 16
157	601	0.0	1	582 19
158	651	0.0	1	637 14
159	654	0.0	1	640 14
160	669	0.0	1	654 15
161	553	0.0	1	542 11
162	652	0.0	1	635 17
163	581	0.0	1	574 7
164	552	0.0	1	533 19
165	534	0.0	1	521 13
166	565	0.0	1	549 16
167	511	0.0	1	503 8
168	489	0.0	1	475 14
169	522	0.0	1	509 13
170	523	0.0	1	506 17
171	484	0.0	1	468 16
172	489	0.0	1	474 15
173	462	0.0	1	451 11
174	468	0.0	1	451 17
175	466	0.0	1	446 20
176	489	0.0	1	477 12
177	461	0.0	1	445 16
178	428	0.0	1	418 10
179	447	0.0	1	432 15
180	415	0.0	1	405 10
181	427	0.0	1	416 11
182	412	0.0	1	406 6
183	416	0.0	1	404 12
184	386	0.0	1	378 8
185	406	0.0	1	397 9
186	417	0.0	1	406 11
187	418	0.0	1	412 6
188	399	0.0	1	388 11
189	392	0.0	1	380 12
190	349	0.0	1	334 15
191	356	0.0	1	344 12
192	367	0.0	1	353 14
193	334	0.0	1	330 4
194	324	0.0	1	316 8
195	341	0.0	1	329 12
196	344	0.0	1	330 14
197	294	0.0	1	287 7
198	371	0.0	1	361 10
199	330	0.0	1	315 15
200	295	0.0	1	283 12
201	325	0.0	1	314 11
202	344	0.0	1	335 9
203	331	0.0	1	317 14
204	302	0.0	1	289 13
205	306	0.0	1	288 18
206	261	0.0	1	255 6
207	294	0.0	1	286 8
208	308	0.0	1	301 7
209	287	0.0	1	278 9
210	271	0.0	1	259 12
211	305	0.0	1	297 8
212	261	0.0	1	255 6
213	265	0.0	1	258 7
214	279	0.0	1	271 8
215	298	0.0	1	279 19
216	262	0.0	1	246 16
217	281	0.0	1	269 12
218	286	0.0	1	276 10
219	249	0.0	1	237 12
220	221	0.0	1	211 10
221	189	0.0	1	180 9
222	151	0.0	1	144 7
223	160	0.0	1	151 9
224	102	0.0	1	102
225	93	0.0	1	86 7
226	65	0.0	1	62 3
227	73	0.0	1	68 5
228	54	0.0	1	50 4
229	53	0.0	1	52 1
230	48	0.0	1	46 2
231	52	0.0	1	48 4
232	66	0.0	1	60 6
233	64	0.0	1	61 3
234	57	0.0	1	51 6
235	45	0.0	1	41 4
236	51	0.0	1	46 5
237	64	0.0	1	61 3
238	68	0.0	1	66 2
239	106	0.0	1	101 5
240	126	0.0	1	123 3
241	206	0.0	1	194 12
242	214	0.0	1	209 5
243	177	0.0	1	166 11
244	56	0.0	1	53 3
245	45	0.0	1	40 5
246	22	0.0	1	17 5
247	35	0.0	1	29 6
248	31	0.0	1	28 3
249	41	0.0	1	30 11
250	221	0.0	1	61 160

RUN STATISTICS FOR INPUT FILE: NCPPB929-illumina.1.fq.gz
=============================================
2257609 sequences processed in total

